MEMORY
  total           65072 KB
  struct            159 KB
  buffer            401 KB
  arena           64512 KB, used 0.1%

SIZES
  narena                66060288
  nbuffer               410416
  nplugin               0
  maxuse_stack          14816
  maxuse_arena          95920
  maxuse_con            25
  maxuse_efc            92
  ncon                  5
  ne                    7
  nf                    0
  nl                    0
  nefc                  26
  nJ                    520
  nA                    0
  nisland               2
  nidof                 20
  ntree_awake           2
  nbody_awake           25
  nparent_awake         24
  nv_awake              20
  threadpool            0

TIMER
    0:  duration =  0.11       number = 1
    1:  duration =  0.1        number = 1
    2:  duration =  0          number = 0
    3:  duration =  0.078      number = 1
    4:  duration =  0.0054     number = 1
    5:  duration =  0.0012     number = 1
    6:  duration =  0.014      number = 1
    7:  duration =  0.0043     number = 1
    8:  duration =  0.011      number = 1
    9:  duration =  0.0031     number = 1
    10:  duration =  0.047      number = 1
    11:  duration =  0.016      number = 1
    12:  duration =  0.00057    number = 1
    13:  duration =  0.011      number = 1
    14:  duration =  0.018      number = 1

SOLVER STAT
  solver_fwdinv =   0         0       
  ISLAND 0
    solver_niter = 1
    solver_nnz = 36
      0:  improvement =  0           gradient =  3.7e-16     lineslope =  0       
          nactive = 16   nchange = 0   neval = 2   nupdate = 0

  ISLAND 1
    solver_niter = 1
    solver_nnz = 196
      0:  improvement =  0           gradient =  8e-17       lineslope =  0       
          nactive = 10   nchange = 0   neval = 2   nupdate = 0

ENERGY =   0         0       

TIME =  30      

QPOS
   0.6     
  -4.4     
   0.025   
   0.7     
   0.7     
  -0.091   
  -0.091   
  -1.7     
  -1.6     
   2.2     
  -2.3     
  -1.6     
  -3.5e-07 
   0.0026  
  -5.1e-05 
   0.0031  
  -0.0035  
   0.0033  
  -0.0032  
  -0.00094 
   0.0056  

QVEL
   2.7e-16 
   1e-15   
   5.5e-16 
  -4.2e-14 
   2.2e-17 
  -4.9e-17 
  -4.6e-06 
  -2.7e-05 
  -1.9e-05 
  -1.9e-05 
  -2.5e-05 
   3.3e-07 
   0.035   
   0.13    
   0.078   
  -0.15    
  -0.054   
   0.038   
   0.17    
  -0.17    

QACC_WARMSTART
   9.2e-17 
   3e-16   
   2.8e-16 
   5.7e-15 
   2.2e-14 
   3.2e-15 
  -0.004   
   0.0033  
   0.0028  
   0.0034  
  -0.0019  
   2.2e-05 
   0.18    
   11      
   12      
  -43      
  -0.42    
   23      
   1.5     
  -42      

CTRL
  -1.7     
  -1.7     
   2.2     
  -2.3     
  -1.6     
   0       
   0       

QFRC_APPLIED
   0       
   0       
   0       
   0       
   0       
   0       
   0       
   0       
   0       
   0       
   0       
   0       
   0       
   0       
   0       
   0       
   0       
   0       
   0       
   0       

XFRC_APPLIED
   0         0         0         0         0         0       
   0         0         0         0         0         0       
   0         0         0         0         0         0       
   0         0         0         0         0         0       
   0         0         0         0         0         0       
   0         0         0         0         0         0       
   0         0         0         0         0         0       
   0         0         0         0         0         0       
   0         0         0         0         0         0       
   0         0         0         0         0         0       
   0         0         0         0         0         0       
   0         0         0         0         0         0       
   0         0         0         0         0         0       
   0         0         0         0         0         0       
   0         0         0         0         0         0       
   0         0         0         0         0         0       
   0         0         0         0         0         0       
   0         0         0         0         0         0       
   0         0         0         0         0         0       
   0         0         0         0         0         0       
   0         0         0         0         0         0       
   0         0         0         0         0         0       
   0         0         0         0         0         0       
   0         0         0         0         0         0       
   0         0         0         0         0         0       

EQ_ACTIVE             1 1 1

QACC
   9.2e-17 
   3e-16   
   2.8e-16 
   5.7e-15 
   2.2e-14 
   3.2e-15 
  -0.004   
   0.0033  
   0.0028  
   0.0034  
  -0.0019  
   2.2e-05 
   0.18    
   11      
   12      
  -43      
  -0.42    
   23      
   1.5     
  -42      

SENSOR
  -1.7     
  -1.6     
   2.2     
  -2.3     
  -1.6     
  -3.5e-07 
  -2.6e-07 
  -3.2e-05 
  -2.2e-05 
  -2.3e-05 
  -2.3e-05 
   3.1e-07 
   0.0025  
   0.035   
   0       
   0       

TREE_ASLEEP
  -11
  -11

XPOS
   0         0         0       
   0.5       0         0       
   0.5       0.2       0.42    
   0.6      -4.4       0.025   
   0.12      0         0.38    
   0.12      0         0.54    
   0.14      0.14      0.54    
   0.091     0.011     0.97    
   0.42     -0.032     0.76    
   0.44      0.094     0.76    
   0.53      0.082     0.77    
   0.55      0.079     0.68    
   0.55      0.079     0.67    
   0.56      0.048     0.62    
   0.55      0.016     0.62    
   0.56      0.065     0.61    
   0.56      0.0094    0.57    
   0.56      0.028     0.56    
   0.56      0.028     0.56    
   0.56      0.11      0.62    
   0.57      0.14      0.62    
   0.56      0.091     0.61    
   0.58      0.14      0.57    
   0.58      0.13      0.56    
   0.58      0.13      0.56    

XQUAT
   1         0         0         0       
   1         0         0         0       
   1         0         0         0       
   0.7       0.7      -0.091    -0.091   
  -0.71      0         0        -0.71    
  -1         0         0         0.065   
  -1         0.0023    0.036     0.065   
  -0.48     -0.057    -0.87      0.031   
  -0.77     -0.041    -0.64      0.05    
  -0.51      0.42     -0.48      0.58    
  -0.51      0.42     -0.48      0.58    
   0.058    -0.66      0.75     -0.066   
  -0.0057   -0.99      0.064    -0.088   
  -0.0045   -0.99      0.064    -0.088   
  -0.0046   -0.99      0.064    -0.088   
  -0.0042   -0.99      0.064    -0.088   
  -0.0058   -0.99      0.064    -0.088   
  -0.0058   -0.99      0.064    -0.088   
  -0.0058   -0.99      0.064    -0.088   
   0.088     0.064     0.99     -0.0074  
   0.088     0.064     0.99     -0.0058  
   0.088     0.064     0.99     -0.0051  
   0.088     0.065     0.99     -0.008   
   0.088     0.065     0.99     -0.008   
   0.088     0.065     0.99     -0.008   

XMAT
   1         0         0         0         1         0         0         0         1       
   1         0         0         0         1         0         0         0         1       
   1         0         0         0         1         0         0         0         1       
   0.97     -1.9e-16  -0.25     -0.25     -9.4e-16  -0.97     -5.6e-17   1        -9.5e-16 
   0        -1        -0         1         0         0         0        -0         1       
   0.99      0.13      0        -0.13      0.99      0         0         0         1       
   0.99      0.13     -0.071    -0.13      0.99      0.0092    0.072     1.4e-17   1       
  -0.53      0.13      0.84      0.069     0.99     -0.11     -0.84      1.4e-17  -0.54    
   0.17      0.13      0.98     -0.023     0.99     -0.13     -0.98      2.8e-17   0.18    
  -0.13      0.17      0.98     -0.99     -0.023    -0.13      5.1e-06  -0.98      0.18    
  -0.13      0.17      0.98     -0.99     -0.023    -0.13      5.1e-06  -0.98      0.18    
  -0.13     -0.98      0.17     -0.99      0.13     -0.023     5.1e-06  -0.18     -0.98    
   0.98     -0.13      0.17     -0.13     -0.99     -0.023     0.18      5.1e-06  -0.98    
   0.98     -0.13      0.18     -0.13     -0.99     -0.02      0.18     -0.0024   -0.98    
   0.98     -0.13      0.18     -0.13     -0.99     -0.021     0.18     -0.0021   -0.98    
   0.98     -0.13      0.18     -0.13     -0.99     -0.02      0.18     -0.0029   -0.98    
   0.98     -0.13      0.17     -0.13     -0.99     -0.023     0.18      0.00025  -0.98    
   0.98     -0.13      0.17     -0.13     -0.99     -0.023     0.18      0.00025  -0.98    
   0.98     -0.13      0.17     -0.13     -0.99     -0.023     0.18      0.00025  -0.98    
  -0.98      0.13      0.17      0.13      0.99     -0.026    -0.18     -0.0033   -0.98    
  -0.98      0.13      0.17      0.13      0.99     -0.023    -0.18     -0.00012  -0.98    
  -0.98      0.13      0.17      0.13      0.99     -0.021    -0.18      0.0012   -0.98    
  -0.98      0.13      0.17      0.13      0.99     -0.027    -0.18     -0.0046   -0.98    
  -0.98      0.13      0.17      0.13      0.99     -0.027    -0.18     -0.0046   -0.98    
  -0.98      0.13      0.17      0.13      0.99     -0.027    -0.18     -0.0046   -0.98    

XIPOS
   0         0         0       
   0.5       0         0.36    
   0.5       0.2       0.42    
   0.6      -4.4       0.025   
   0.12      0         0.38    
   0.12      0         0.54    
   0.12      0.14      0.75    
   0.25     -0.01      0.86    
   0.44      0.094     0.76    
   0.53      0.082     0.77    
   0.55      0.08      0.7     
   0.55      0.08      0.68    
   0.56      0.078     0.64    
   0.55      0.03      0.62    
   0.56      0.013     0.6     
   0.56      0.046     0.59    
   0.56      0.02      0.56    
   0.57      0.03      0.54    
   0.57      0.033     0.54    
   0.57      0.13      0.62    
   0.57      0.14      0.6     
   0.57      0.11      0.59    
   0.58      0.13      0.56    
   0.58      0.12      0.54    
   0.58      0.12      0.54    

XIMAT
   1         0         0         0         1         0         0         0         1       
   0        -1         0         0         0        -1         1         0         0       
   1         0         0         0         1         0         0         0         1       
   0.97     -1.9e-16  -0.25     -0.25     -9.4e-16  -0.97     -5.6e-17   1        -9.5e-16 
   0        -1        -0         1         0         0         0        -0         1       
   0.99      0.13      0        -0.13      0.99      0         0         0         1       
   0.99      0.13     -0.071    -0.13      0.99      0.0092    0.072     1.4e-17   1       
  -0.53      0.13      0.84      0.069     0.99     -0.11     -0.84      1.4e-17  -0.54    
   0.17      0.13      0.98     -0.023     0.99     -0.13     -0.98      2.8e-17   0.18    
  -0.13      0.17      0.98     -0.99     -0.023    -0.13      5.1e-06  -0.98      0.18    
   0.17      0.13      0.98     -0.023     0.99     -0.13     -0.98     -5.1e-06   0.18    
   0.18      0.98     -0.13     -0.02     -0.13     -0.99     -0.98      0.18     -0.0031  
   0.98     -0.13      0.17     -0.13     -0.99     -0.026     0.18      0.003    -0.98    
   0.98      0.18      0.12     -0.13      0.051     0.99      0.18     -0.98      0.073   
  -0.15     -0.98      0.16     -0.98      0.13     -0.15      0.12     -0.18     -0.98    
  -0.21     -0.98      0.05     -0.74      0.13     -0.66      0.64     -0.18     -0.75    
   0.98     -0.065     0.21     -0.13     -0.95      0.3       0.18     -0.32     -0.93    
  -0.13     -0.98      0.17     -0.99      0.13     -0.023     0.00025  -0.18     -0.98    
  -0.13     -0.98      0.17     -0.99      0.13     -0.023     0.00025  -0.18     -0.98    
  -0.98      0.16     -0.14      0.13     -0.097    -0.99     -0.18     -0.98      0.074   
   0.11      0.98      0.19      0.99     -0.13      0.1       0.13      0.18     -0.98    
  -0.016     0.98      0.22      0.77     -0.13      0.63      0.64      0.18     -0.75    
  -0.98      0.18      0.12      0.13      0.93     -0.35     -0.18     -0.32     -0.93    
   0.13      0.98      0.17      0.99     -0.13     -0.027    -0.0046    0.18     -0.98    
   0.13      0.98      0.17      0.99     -0.13     -0.027    -0.0046    0.18     -0.98    

XANCHOR
   0.6      -4.4       0.025   
   0.12      0         0.54    
   0.14      0.14      0.54    
   0.091     0.011     0.97    
   0.42     -0.032     0.76    
   0.44      0.094     0.76    
   0.53      0.082     0.77    
   0.56      0.048     0.62    
   0.55      0.016     0.62    
   0.56      0.065     0.61    
   0.56      0.027     0.57    
   0.56      0.11      0.62    
   0.57      0.14      0.62    
   0.56      0.091     0.61    
   0.58      0.13      0.57    

XAXIS
   0         0         1       
   0         0         1       
   0.13      0.99      0       
   0.13      0.99      1.4e-17 
   0.13      0.99      6.9e-18 
   0.98     -0.13      0.18    
   0.17     -0.023    -0.98    
   0.98     -0.13      0.18    
   0.98     -0.13      0.18    
   0.98     -0.13      0.18    
   0.98     -0.13      0.18    
  -0.98      0.13     -0.18    
  -0.98      0.13     -0.18    
  -0.98      0.13     -0.18    
  -0.98      0.13     -0.18    

GEOM_XPOS
   0         0         0       
   0.5       0         0.4     
   0.75      0.25      0.2     
   0.75     -0.25      0.2     
   0.25      0.25      0.2     
   0.25     -0.25      0.2     
   0.5       0.2       0.42    
   0.6      -4.4       0.025   
   0.12      6.7e-07   0.47    
   0.12      1.5e-07   0.41    
   0.12      0         0.38    
   0.12     -0.0084    0.59    
   0.13      0.068     0.54    
   0.12      0.00057   0.52    
   0.12      0         0.5     
   0.12      0.14      0.75    
   0.11      0.12      0.84    
   0.12      0.12      0.76    
   0.13      0.18      0.75    
   0.13      0.097     0.54    
   0.12      0.14      0.74    
   0.42     -0.072     0.75    
   0.26     -0.012     0.86    
   0.31     -3e-05     0.83    
   0.23      0.0049    0.88    
   0.1       0.09      0.97    
   0.26     -0.011     0.86    
   0.48      0.087     0.77    
   0.4       0.1       0.75    
   0.45      0.079     0.76    
   0.43      0.018     0.76    
   0.54      0.08      0.73    
   0.53      0.082     0.81    
   0.53      0.082     0.76    
   0.47      0.089     0.76    
   0.54      0.081     0.75    
   0.55      0.08      0.7     
   0.55      0.08      0.7     
   0.55      0.08      0.68    
   0.55      0.08      0.68    
   0.56      0.078     0.64    
   0.56      0.078     0.64    
   0.55      0.03      0.62    
   0.55      0.03      0.62    
   0.56      0.013     0.6     
   0.56      0.013     0.6     
   0.56      0.046     0.59    
   0.56      0.046     0.59    
   0.56      0.02      0.56    
   0.56      0.02      0.56    
   0.57      0.03      0.53    
   0.57      0.03      0.55    
   0.57      0.03      0.54    
   0.57      0.033     0.54    
   0.57      0.13      0.62    
   0.57      0.13      0.62    
   0.57      0.14      0.6     
   0.57      0.14      0.6     
   0.57      0.11      0.59    
   0.57      0.11      0.59    
   0.58      0.13      0.56    
   0.58      0.13      0.56    
   0.58      0.12      0.53    
   0.58      0.12      0.55    
   0.58      0.12      0.54    
   0.58      0.12      0.54    

GEOM_XMAT
   1         0         0         0         1         0         0         0         1       
   1         0         0         0         1         0         0         0         1       
   1         0         0         0         1         0         0         0         1       
   1         0         0         0         1         0         0         0         1       
   1         0         0         0         1         0         0         0         1       
   1         0         0         0         1         0         0         0         1       
   1         0         0         0         1         0         0         0         1       
   0.97     -1.9e-16  -0.25     -0.25     -9.4e-16  -0.97     -5.6e-17   1        -9.5e-16 
   0         0         1        -1.1e-05  -1         0         1        -1.1e-05   0       
   1.9e-05   0.79     -0.61      9.9e-06   0.61      0.79      1        -2.1e-05   3.6e-06 
   0        -1        -0         1         0         0         0        -0         1       
  -0.04     -0.96     -0.28     -0.32      0.28     -0.9       0.95      0.055    -0.32    
   0.13     -0.98      0.17      0.99      0.13     -0.022     1.6e-05   0.17      0.99    
   0.093     0.14      0.99      0.73      0.66     -0.16     -0.68      0.74     -0.04    
   0.99      0.13      0        -0.13      0.99      0         0         0         1       
   0.88      0.46     -0.071    -0.47      0.89      0.0095    0.067     0.025     1       
   0.99      0.11     -0.093    -0.13      0.98     -0.17      0.071     0.18      0.98    
   0.13     -0.99     -0.072     0.99      0.13     -0.0001    0.0092   -0.072     1       
   0.13     -0.99     -0.071     0.99      0.13      0.0089    0.0003   -0.072     1       
   0.99     -0.071    -0.13     -0.13      0.0092   -0.99      0.072     1        -6.4e-18 
   0.99      0.13     -0.071    -0.13      0.99      0.0092    0.072     1.4e-17   1       
  -0.13      0.65      0.75      0.98     -0.039     0.21      0.16      0.76     -0.63    
   0.00042   0.55      0.84      0.98      0.17     -0.11     -0.2       0.82     -0.54    
  -0.53      0.0081    0.85      0.074     1         0.037    -0.84      0.082    -0.53    
   0.11      0.53      0.84      0.99     -0.07     -0.089     0.012     0.84     -0.54    
  -0.53      0.84     -0.13      0.069    -0.11     -0.99     -0.84     -0.54      1.1e-16 
  -0.53      0.13      0.84      0.069     0.99     -0.11     -0.84      1.4e-17  -0.54    
   0.98     -0.051     0.21     -0.13     -0.92      0.37      0.18     -0.38     -0.91    
   0.89     -0.21     -0.41     -0.42     -0.047    -0.9       0.17      0.98     -0.13    
   0.77     -0.18     -0.61     -0.62      0.023    -0.79      0.15      0.98     -0.091   
   0.17      0.98     -0.13     -0.023    -0.13     -0.99     -0.98      0.18      2.8e-17 
   0.17      0.3       0.94     -0.023     0.95     -0.3      -0.98      0.031     0.17    
  -0.13      0.24      0.96      0.017     0.97     -0.24     -0.99     -0.014    -0.13    
   0.58      0.13     -0.8      -0.075     0.99      0.1       0.81      0.00019   0.59    
  -0.13      0.17      0.98     -0.99     -0.023    -0.13      5.1e-06  -0.98      0.18    
  -0.13      0.98     -0.17     -0.99     -0.13      0.023     5.1e-06   0.18      0.98    
   0.17      0.34      0.92     -0.023     0.94     -0.35     -0.99      0.038     0.17    
  -0.13      0.98     -0.17     -0.99     -0.13      0.023     5.1e-06   0.18      0.98    
   0.18      0.98     -0.13     -0.02     -0.13     -0.99     -0.98      0.18     -0.0031  
   0.18      0.98     -0.13     -0.02     -0.13     -0.99     -0.98      0.18     -0.0031  
   0.98     -0.13      0.17     -0.13     -0.99     -0.026     0.18      0.003    -0.98    
   0.98     -0.13      0.17     -0.13     -0.99     -0.026     0.18      0.003    -0.98    
   0.98      0.18      0.12     -0.13      0.051     0.99      0.18     -0.98      0.073   
   0.98      0.18      0.12     -0.13      0.051     0.99      0.18     -0.98      0.073   
  -0.15     -0.98      0.16     -0.98      0.13     -0.15      0.12     -0.18     -0.98    
  -0.15     -0.98      0.16     -0.98      0.13     -0.15      0.12     -0.18     -0.98    
  -0.21     -0.98      0.05     -0.74      0.13     -0.66      0.64     -0.18     -0.75    
  -0.21     -0.98      0.05     -0.74      0.13     -0.66      0.64     -0.18     -0.75    
   0.98     -0.064     0.21     -0.13     -0.94      0.3       0.18     -0.32     -0.93    
   0.98     -0.064     0.21     -0.13     -0.94      0.3       0.18     -0.32     -0.93    
   0.98     -0.13      0.17     -0.13     -0.99     -0.023     0.18      0.00025  -0.98    
   0.98     -0.13      0.17     -0.13     -0.99     -0.023     0.18      0.00025  -0.98    
  -0.13     -0.98      0.17     -0.99      0.13     -0.023     0.00025  -0.18     -0.98    
  -0.13     -0.98      0.17     -0.99      0.13     -0.023     0.00025  -0.18     -0.98    
  -0.98      0.16     -0.14      0.13     -0.097    -0.99     -0.18     -0.98      0.074   
  -0.98      0.16     -0.14      0.13     -0.097    -0.99     -0.18     -0.98      0.074   
   0.11      0.98      0.19      0.99     -0.13      0.1       0.13      0.18     -0.98    
   0.11      0.98      0.19      0.99     -0.13      0.1       0.13      0.18     -0.98    
  -0.016     0.98      0.22      0.77     -0.13      0.63      0.64      0.18     -0.75    
  -0.016     0.98      0.22      0.77     -0.13      0.63      0.64      0.18     -0.75    
  -0.98      0.18      0.12      0.13      0.93     -0.35     -0.18     -0.33     -0.93    
  -0.98      0.18      0.12      0.13      0.93     -0.35     -0.18     -0.33     -0.93    
  -0.98      0.13      0.17      0.13      0.99     -0.027    -0.18     -0.0046   -0.98    
  -0.98      0.13      0.17      0.13      0.99     -0.027    -0.18     -0.0046   -0.98    
   0.13      0.98      0.17      0.99     -0.13     -0.027    -0.0046    0.18     -0.98    
   0.13      0.98      0.17      0.99     -0.13     -0.027    -0.0046    0.18     -0.98    

SITE_XPOS
   0.5       0.2       0.45    
   0.6      -4.4       0.025   
   0.55      0.079     0.68    
   0.58      0.076     0.53    

SITE_XMAT
   1         0         0         0         1         0         0         0         1       
   0.97     -1.9e-16  -0.25     -0.25     -9.4e-16  -0.97     -5.6e-17   1        -9.5e-16 
  -0.13     -0.98      0.17     -0.99      0.13     -0.023     5.1e-06  -0.18     -0.98    
   0.98     -0.13      0.17     -0.13     -0.99     -0.023     0.18      5.1e-06  -0.98    

LIGHT_XPOS
   0         0         2       
   0        -1         2       

LIGHT_XDIR
   0         0        -1       
   0.31      0.61     -0.73    

SUBTREE_COM
   0.33      0.015     0.52    
   0.5       0         0.36    
   0.5       0.2       0.42    
   0.6      -4.4       0.025   
   0.2       0.066     0.66    
   0.22      0.081     0.72    
   0.24      0.1       0.76    
   0.41      0.048     0.78    
   0.51      0.085     0.72    
   0.54      0.08      0.71    
   0.56      0.079     0.65    
   0.56      0.078     0.64    
   0.56      0.078     0.63    
   0.56      0.02      0.61    
   0.56      0.013     0.6     
   0.56      0.036     0.58    
   0.56      0.023     0.56    
   0.57      0.031     0.54    
   0.57      0.033     0.54    
   0.57      0.14      0.61    
   0.57      0.14      0.6     
   0.57      0.12      0.58    
   0.58      0.13      0.56    
   0.58      0.12      0.54    
   0.58      0.12      0.54    

CDOF
   0         0         0         1         0         0       
   0         0         0         0         1         0       
   0         0         0         0         0         1       
   0.97     -0.25     -5.6e-17  -8.8e-19  -3.4e-18  -8.6e-16 
  -1.9e-16  -9.4e-16   1         8.9e-16   6.7e-34   1.7e-31 
  -0.25     -0.97     -9.5e-16  -3.4e-18   8.8e-19   2.3e-16 
   0         0         1        -0.066     0.08      0       
   0.13      0.99      0         0.11     -0.015    -0.071   
   0.13      0.99      1.4e-17  -0.31      0.04     -0.1     
   0.13      0.99      6.9e-18  -0.098     0.013     0.23    
   0.98     -0.13      0.18      0.018     0.055    -0.057   
   0.17     -0.023    -0.98     -0.013     0.35     -0.01    
   0.98     -0.13      0.18     -0.0083   -0.1      -0.027   
   0.98     -0.13      0.18     -0.013    -0.097     0.0037  
   0.98     -0.13      0.18     -0.0061   -0.11     -0.044   
   0.98     -0.13      0.18     -0.018    -0.15     -0.0082  
  -0.98      0.13     -0.18     -0.0024    0.1       0.088   
  -0.98      0.13     -0.18     -0.0084    0.1       0.12    
  -0.98      0.13     -0.18      0.0015    0.11      0.07    
  -0.98      0.13     -0.18      0.00064   0.15      0.11    

CINERT
   0         0         0         0         0         0         0         0         0         0       
   0.78      0.78      1.3       0         0         0         9.7e-16   0         0         18      
   9.8e-06   9.8e-06   2e-05     0         0         0         0        -4.4e-19   0         0.016   
   8.3e-05   8.3e-05   8.3e-05  -3.4e-21  -4.3e-22   2.5e-24   0         1.8e-16  -6.9e-19   0.2     
   0.33      0.34      0.05     -0.021    -0.088    -0.073    -0.32     -0.26     -1.1       4       
   0.075     0.082     0.046    -0.019    -0.034    -0.028    -0.29     -0.24     -0.42      3.7     
   0.26      0.26      0.11      0.047     0.071    -0.061    -0.65      0.61      0.82      8.4     
   0.12      0.13      0.044     0.012    -0.013     0.034     0.13     -0.17      0.46      2.3     
   0.015     0.082     0.071    -0.0081   -0.028    -0.0034    0.29      0.034     0.12      1.2     
   0.019     0.15      0.14     -0.0063   -0.047    -0.0022    0.41      0.019     0.14      1.2     
   0.00045   0.023     0.023    -0.00091  -0.0027   -0.00011   0.065     0.0026    0.0077    0.19    
   0.00013   0.019     0.019    -0.00072  -0.00097  -3.7e-05   0.053     0.0021    0.0027    0.15    
   0.00072   0.1       0.1      -0.0035    0.0059    0.0002    0.28      0.0097   -0.016     0.78    
   2.9e-05   0.0011    0.0011    0.00011   0.00013  -1.3e-05   0.0032   -0.00032  -0.00037   0.009   
   9.2e-05   0.0018    0.0018    0.00027   0.0003   -4.5e-05   0.005    -0.00075  -0.00083   0.014   
   0.00012   0.003     0.0029    0.00016   0.00054  -3.2e-05   0.008    -0.00044  -0.0015    0.022   
   0.00014   0.0018    0.0017    0.00021   0.00043  -5.4e-05   0.0045   -0.00057  -0.0012    0.013   
   5.1e-05   0.00052   0.00048   4.6e-05   0.00015  -1.4e-05   0.0013   -0.00013  -0.0004    0.0035  
   1.9e-05   0.00019   0.00018   1.6e-05   5.5e-05  -4.9e-06   0.00048  -4.3e-05  -0.00015   0.0013  
   4.9e-05   0.0012    0.0012   -0.0002    0.00014   2.2e-05   0.0033    0.00054  -0.00037   0.009   
   0.00013   0.002     0.002    -0.0004    0.00031   6.4e-05   0.0053    0.0011   -0.00083   0.014   
   0.00015   0.0031    0.0031   -0.00035   0.00055   6.6e-05   0.0082    0.00094  -0.0015    0.022   
   0.00017   0.0019    0.0018   -0.00032   0.00045   8e-05     0.0047    0.00084  -0.0012    0.013   
   5.7e-05   0.00055   0.00052  -7.5e-05   0.00015   2.3e-05   0.0013    0.0002   -0.0004    0.0035  
   2.1e-05   0.00021   0.00019  -2.6e-05   5.7e-05   8e-06     0.00049   6.9e-05  -0.00015   0.0013  

TEN_LENGTH
   0.0029  

TEN_MOMENT
   0         0         0         0         0         0         0         0         0         0         0         0         0.5       0         0         0         0.5       0         0         0       

TENDON 0: 0 wrap points

ACTUATOR_LENGTH
  -1.7     
  -1.6     
   2.2     
  -2.3     
  -1.6     
  -3.5e-07 
   0.0029  

actuator_moment
----------------------
       x              |
        x             |
         x            |
          x           |
           x          |
            x         |
             x   x    |
----------------------

ACTUATOR_MOMENT
     6:  1       
     7:  1       
     8:  1       
     9:  1       
    10:  1       
    11:  1       
    12:  0.5       16:  0.5     

CRB
   0         0         0         0         0         0         0         0         0         0       
   0.78      0.78      1.3       0         0         0         9.7e-16   0         0         18      
   9.8e-06   9.8e-06   2e-05     0         0         0         0        -4.4e-19   0         0.016   
   8.3e-05   8.3e-05   8.3e-05  -3.4e-21  -4.3e-22   2.5e-24   0         1.8e-16  -6.9e-19   0.2     
   0.82      1.2       0.62     -0.0012   -0.13     -0.13     -7.8e-16  -5.6e-17  -1.3e-15   22      
   0.49      0.87      0.57      0.02     -0.046    -0.06      0.32      0.26      1.1       18      
   0.41      0.79      0.52      0.039    -0.012    -0.032     0.61      0.51      1.5       14      
   0.16      0.53      0.41     -0.008    -0.084     0.028     1.3      -0.1       0.71      6       
   0.037     0.4       0.37     -0.02     -0.07     -0.0055    1.1       0.069     0.25      3.7     
   0.021     0.31      0.3      -0.012    -0.042    -0.0021    0.85      0.035     0.13      2.5     
   0.0023    0.16      0.16     -0.0056    0.0055    0.00016   0.44      0.016    -0.015     1.2     
   0.0019    0.14      0.14     -0.0047    0.0082    0.00026   0.38      0.013    -0.022     1.1     
   0.0018    0.12      0.12     -0.004     0.0091    0.0003    0.32      0.011    -0.025     0.9     
   0.00012   0.003     0.003     0.00038   0.00043  -5.8e-05   0.0082   -0.0011   -0.0012    0.023   
   9.2e-05   0.0018    0.0018    0.00027   0.0003   -4.5e-05   0.005    -0.00075  -0.00083   0.014   
   0.00033   0.0055    0.0052    0.00043   0.0012   -0.00011   0.014    -0.0012   -0.0032    0.039   
   0.00021   0.0025    0.0023    0.00027   0.00064  -7.4e-05   0.0063   -0.00074  -0.0017    0.017   
   7e-05     0.00071   0.00066   6.2e-05   0.0002   -1.9e-05   0.0018   -0.00017  -0.00055   0.0048  
   1.9e-05   0.00019   0.00018   1.6e-05   5.5e-05  -4.9e-06   0.00048  -4.3e-05  -0.00015   0.0013  
   0.00018   0.0032    0.0033   -0.0006    0.00045   8.6e-05   0.0086    0.0016   -0.0012    0.023   
   0.00013   0.002     0.002    -0.0004    0.00031   6.4e-05   0.0053    0.0011   -0.00083   0.014   
   0.0004    0.0058    0.0056   -0.00077   0.0012    0.00018   0.015     0.0021   -0.0032    0.039   
   0.00025   0.0027    0.0026   -0.00042   0.00066   0.00011   0.0066    0.0011   -0.0017    0.017   
   7.8e-05   0.00076   0.00071  -0.0001    0.00021   3.1e-05   0.0018    0.00027  -0.00055   0.0048  
   2.1e-05   0.00021   0.00019  -2.6e-05   5.7e-05   8e-06     0.00049   6.9e-05  -0.00015   0.0013  

QM
   0.2     
   0         0.2     
   0         0         0.2     
   0         0         0         8.3e-05 
   0         0         0         0         8.3e-05 
   0         0         0         0         0         8.3e-05 
                                                               0.95    
                                                              -0.34      1.6     
                                                               0.12      0.43      1.1     
                                                               0.016     0.11      0.17      0.15    
                                                               0.069    -3.4e-05  -3.1e-05  -7.9e-06   0.13    
                                                              -0.00071   3.8e-06  -3e-05    -8.8e-06   1.3e-06   0.1     
                                                               0.00011   0.00028   0.00025   6.5e-05   9.5e-05  -3e-17     0.005   
                                                               0.00014   1.8e-05   1.6e-05   4.2e-06   6.5e-05  -6.8e-20   1.1e-05   0.001   
                                                               0.00061   0.00048   0.00043   0.00011   0.00036   4.1e-12                       0.0011  
                                                               8.6e-05   2.9e-05   2.6e-05   6.7e-06   5.2e-05   9.5e-20                       1.9e-05   0.001   
                                                              -0.00014   0.00028   0.00025   6.5e-05  -9.5e-05   8.1e-20                                           0.005   
                                                              -0.00014   1.8e-05   1.6e-05   4.2e-06  -6.5e-05   8.1e-20                                           1.1e-05   0.001   
                                                              -0.00066   0.00048   0.00043   0.00011  -0.00036   4.1e-12                                                               0.0011  
                                                              -9e-05     2.8e-05   2.5e-05   6.6e-06  -5.2e-05   1.5e-19                                                               1.9e-05   0.001   

M
     0:  0.2     
     1:  0.2     
     2:  0.2     
     3:  8.3e-05 
     4:  8.3e-05 
     5:  8.3e-05 
     6:  0.95    
     6: -0.34       7:  1.6     
     6:  0.12       7:  0.43       8:  1.1     
     6:  0.016      7:  0.11       8:  0.17       9:  0.15    
     6:  0.069      7: -3.4e-05    8: -3.1e-05    9: -7.9e-06   10:  0.13    
     6: -0.00071    7:  3.8e-06    8: -3e-05      9: -8.8e-06   10:  1.3e-06   11:  0.1     
     6:  0.00011    7:  0.00028    8:  0.00025    9:  6.5e-05   10:  9.5e-05   11: -3e-17     12:  0.005   
     6:  0.00014    7:  1.8e-05    8:  1.6e-05    9:  4.2e-06   10:  6.5e-05   11: -6.8e-20   12:  1.1e-05   13:  0.001   
     6:  0.00061    7:  0.00048    8:  0.00043    9:  0.00011   10:  0.00036   11:  4.1e-12   14:  0.0011  
     6:  8.6e-05    7:  2.9e-05    8:  2.6e-05    9:  6.7e-06   10:  5.2e-05   11:  9.5e-20   14:  1.9e-05   15:  0.001   
     6: -0.00014    7:  0.00028    8:  0.00025    9:  6.5e-05   10: -9.5e-05   11:  8.1e-20   16:  0.005   
     6: -0.00014    7:  1.8e-05    8:  1.6e-05    9:  4.2e-06   10: -6.5e-05   11:  8.1e-20   16:  1.1e-05   17:  0.001   
     6: -0.00066    7:  0.00048    8:  0.00043    9:  0.00011   10: -0.00036   11:  4.1e-12   18:  0.0011  
     6: -9e-05      7:  2.8e-05    8:  2.5e-05    9:  6.6e-06   10: -5.2e-05   11:  1.5e-19   18:  1.9e-05   19:  0.001   

QLD
     0:  0.2     
     1:  0.2     
     2:  0.2     
     3:  8.3e-05 
     4:  8.3e-05 
     5:  8.3e-05 
     6:  0.79    
     6: -0.28       7:  1.4     
     6:  0.12       7:  0.35       8:  0.88    
     6:  0.1        7:  0.71       8:  1.1        9:  0.15    
     6:  0.55       7: -0.00027    8: -0.00024    9: -6.3e-05   10:  0.13    
     6: -0.007      7:  3.7e-05    8: -0.0003     9: -8.8e-05   10:  1.3e-05   11:  0.1     
     6:  0.022      7:  0.056      8:  0.05       9:  0.013     10:  0.019     11: -5.9e-15   12:  0.005   
     6:  0.14       7:  0.018      8:  0.016      9:  0.0041    10:  0.064     11: -6.7e-17   12:  0.011     13:  0.001   
     6:  0.55       7:  0.43       8:  0.39       9:  0.099     10:  0.33      11:  3.7e-09   14:  0.0011  
     6:  0.086      7:  0.029      8:  0.026      9:  0.0066    10:  0.052     11:  9.4e-17   14:  0.018     15:  0.001   
     6: -0.028      7:  0.056      8:  0.05       9:  0.013     10: -0.019     11:  1.6e-17   16:  0.005   
     6: -0.14       7:  0.018      8:  0.016      9:  0.0042    10: -0.064     11:  8e-17     16:  0.011     17:  0.001   
     6: -0.59       7:  0.43       8:  0.39       9:  0.1       10: -0.33      11:  3.7e-09   18:  0.0011  
     6: -0.089      7:  0.028      8:  0.025      9:  0.0065    10: -0.052     11:  1.5e-16   18:  0.018     19:  0.001   

QLDIAGINV
   5       
   5       
   5       
   1.2e+04 
   1.2e+04 
   1.2e+04 
   1.3     
   0.72    
   1.1     
   6.6     
   8       
   9.9     
   2e+02   
   9.9e+02 
   9e+02   
   9.9e+02 
   2e+02   
   9.9e+02 
   9e+02   
   9.9e+02 

M: inertia structure
----------------------
 x                    |
  x                   |
   x                  |
    x                 |
     x                |
      x               |
       x              |
       xx             |
       xxx            |
       xxxx           |
       xxxxx          |
       xxxxxx         |
       xxxxxxx        |
       xxxxxxxx       |
       xxxxxx  x      |
       xxxxxx  xx     |
       xxxxxx    x    |
       xxxxxx    xx   |
       xxxxxx      x  |
       xxxxxx      xx |
----------------------

iM: block-diagonal inertia (nnzs are island ids)
----------------------
 0                    |
  0                   |
   0                  |
    0                 |
     0                |
      0               |
       1              |
       11             |
       111            |
       1111           |
       11111          |
       111111         |
       1111111        |
       11111111       |
       111111  1      |
       111111  11     |
       111111    1    |
       111111    11   |
       111111      1  |
       111111      11 |
----------------------

QH
     0:  0.2     
     1:  0.2     
     2:  0.2     
     3:  8.3e-05 
     4:  8.3e-05 
     5:  8.3e-05 
     6:  1.7     
     6: -0.16       7:  2.3     
     6:  0.064      7:  0.21       8:  1.8     
     6:  0.044      7:  0.31       8:  0.47       9:  0.35    
     6:  0.21       7: -0.0001     8: -9.4e-05    9: -2.4e-05   10:  0.33    
     6: -0.0023     7:  1.2e-05    8: -0.0001     9: -2.9e-05   10:  4.3e-06   11:  0.3     
     6:  0.011      7:  0.027      8:  0.024      9:  0.0063    10:  0.0092    11: -2.9e-15   12:  0.01    
     6:  0.14       7:  0.018      8:  0.016      9:  0.0041    10:  0.064     11: -6.7e-17   12:  0.011     13:  0.001   
     6:  0.55       7:  0.43       8:  0.39       9:  0.099     10:  0.33      11:  3.7e-09   14:  0.0011  
     6:  0.086      7:  0.029      8:  0.026      9:  0.0066    10:  0.052     11:  9.4e-17   14:  0.018     15:  0.001   
     6: -0.014      7:  0.027      8:  0.025      9:  0.0063    10: -0.0092    11:  7.9e-18   16:  0.01    
     6: -0.14       7:  0.018      8:  0.016      9:  0.0042    10: -0.064     11:  8e-17     16:  0.011     17:  0.001   
     6: -0.59       7:  0.43       8:  0.39       9:  0.1       10: -0.32      11:  3.7e-09   18:  0.0011  
     6: -0.089      7:  0.028      8:  0.025      9:  0.0065    10: -0.052     11:  1.5e-16   18:  0.018     19:  0.001   

QHDIAGINV
   5       
   5       
   5       
   1.2e+04 
   1.2e+04 
   1.2e+04 
   0.6     
   0.44    
   0.56    
   2.8     
   3.1     
   3.3     
   98      
   9.9e+02 
   9e+02   
   9.9e+02 
   98      
   9.9e+02 
   9e+02   
   9.9e+02 

TREE_AWAKE
  1 1

BODY_AWAKE
  -1 -1 -1 1 -1 1 1 1 1 1 1 1 1 1 1 1 1 1 1 1 1 1 1 1 1

BODY_AWAKE_IND
  0 1 2 3 4 5 6 7 8 9 10 11 12 13 14 15 16 17 18 19 20 21 22 23 24

PARENT_AWAKE_IND
  1 2 3 4 5 6 7 8 9 10 11 12 13 14 15 16 17 18 19 20 21 22 23 24

DOF_AWAKE_IND
  0 1 2 3 4 5 6 7 8 9 10 11 12 13 14 15 16 17 18 19

QDERIV
     0:  0          1:  0          2:  0          3:  0          4:  0          5:  0       
     0:  0          1:  0          2:  0          3:  0          4:  0          5:  0       
     0:  0          1:  0          2:  0          3:  0          4:  0          5:  0       
     0:  0          1:  0          2:  0          3:  0          4:  0          5:  0       
     0:  0          1:  0          2:  0          3:  0          4:  0          5:  0       
     0:  0          1:  0          2:  0          3:  0          4:  0          5:  0       
     6: -4e+02      7:  0          8:  0          9:  0         10:  0         11:  0         12:  0         13:  0         14:  0         15:  0         16:  0         17:  0         18:  0         19:  0       
     6:  0          7: -4e+02      8:  0          9:  0         10:  0         11:  0         12:  0         13:  0         14:  0         15:  0         16:  0         17:  0         18:  0         19:  0       
     6:  0          7:  0          8: -4e+02      9:  0         10:  0         11:  0         12:  0         13:  0         14:  0         15:  0         16:  0         17:  0         18:  0         19:  0       
     6:  0          7:  0          8:  0          9: -1e+02     10:  0         11:  0         12:  0         13:  0         14:  0         15:  0         16:  0         17:  0         18:  0         19:  0       
     6:  0          7:  0          8:  0          9:  0         10: -1e+02     11:  0         12:  0         13:  0         14:  0         15:  0         16:  0         17:  0         18:  0         19:  0       
     6:  0          7:  0          8:  0          9:  0         10:  0         11: -1e+02     12:  0         13:  0         14:  0         15:  0         16:  0         17:  0         18:  0         19:  0       
     6:  0          7:  0          8:  0          9:  0         10:  0         11:  0         12: -2.6       13:  0       
     6:  0          7:  0          8:  0          9:  0         10:  0         11:  0         12:  0         13:  0       
     6:  0          7:  0          8:  0          9:  0         10:  0         11:  0         14: -0.0013    15:  0       
     6:  0          7:  0          8:  0          9:  0         10:  0         11:  0         14:  0         15:  0       
     6:  0          7:  0          8:  0          9:  0         10:  0         11:  0         16: -2.6       17:  0       
     6:  0          7:  0          8:  0          9:  0         10:  0         11:  0         16:  0         17:  0       
     6:  0          7:  0          8:  0          9:  0         10:  0         11:  0         18: -0.0013    19:  0       
     6:  0          7:  0          8:  0          9:  0         10:  0         11:  0         18:  0         19:  0       

CONTACT
  0:
     dim           4
     geoms         floor : cube_geom
     exclude       0
     efc_address   7
     solref         0.011     1       
     solimp         0.9       0.95      0.001     0.5       2       
     dist          -3.3e-05 
     includemargin  0       
     pos            0.58     -4.3      -1.7e-05 
     frame          0         0         1         0         1         0        -1         0         0       
     friction       1.5       1.5       0.1       0.01      0.01    
     mu             0.47    
     force          0.49      8.5e-18  -4.2e-18   1.1e-18   0         0       
  1:
     dim           4
     geoms         floor : cube_geom
     exclude       0
     efc_address   11
     solref         0.011     1       
     solimp         0.9       0.95      0.001     0.5       2       
     dist          -3.3e-05 
     includemargin  0       
     pos            0.63     -4.4      -1.7e-05 
     frame          0         0         1         0         1         0        -1         0         0       
     friction       1.5       1.5       0.1       0.01      0.01    
     mu             0.47    
     force          0.49      2.1e-17  -7.4e-18   1.1e-18   0         0       
  2:
     dim           4
     geoms         floor : cube_geom
     exclude       0
     efc_address   15
     solref         0.011     1       
     solimp         0.9       0.95      0.001     0.5       2       
     dist          -3.3e-05 
     includemargin  0       
     pos            0.57     -4.4      -1.7e-05 
     frame          0         0         1         0         1         0        -1         0         0       
     friction       1.5       1.5       0.1       0.01      0.01    
     mu             0.47    
     force          0.49      5.3e-18  -1.6e-17   1.1e-18   0         0       
  3:
     dim           4
     geoms         floor : cube_geom
     exclude       0
     efc_address   19
     solref         0.011     1       
     solimp         0.9       0.95      0.001     0.5       2       
     dist          -3.3e-05 
     includemargin  0       
     pos            0.62     -4.4      -1.7e-05 
     frame          0         0         1         0         1         0        -1         0         0       
     friction       1.5       1.5       0.1       0.01      0.01    
     mu             0.47    
     force          0.49      1.7e-17  -2e-17     1.1e-18   0         0       
  4:
     dim           3
     geoms         14 : 10
     exclude       0
     efc_address   23
     solref         0.002     1       
     solimp         0.9       0.95      0.001     0.5       2       
     dist          -0.047   
     includemargin  0       
     pos            0.12      0         0.41    
     frame          0         0        -1         0         1         0         1        -0         0       
     friction       1         1         0.005     0.0001    0.0001  
     mu             0.32    
     force          3.1e+18  -0        -0         0         0         0       

EFC_TYPE
  0
  0
  0
  0
  0
  0
  0
  7
  7
  7
  7
  7
  7
  7
  7
  7
  7
  7
  7
  7
  7
  7
  7
  7
  7
  7

EFC_ID
  0
  0
  0
  1
  1
  1
  2
  0
  0
  0
  0
  1
  1
  1
  1
  2
  2
  2
  2
  3
  3
  3
  3
  4
  4
  4

EFC_J
   0         0         0         0         0         0        -3.8e-05  -1.3e-05  -1.3e-05  -1.3e-05  -5e-06     3.8e-05  -0.012    -0.0072    0.014     0.0023    0         0         0         0       
   0         0         0         0         0         0         7.3e-06   1.7e-06   1.7e-06   1.7e-06   1.4e-05  -4.9e-06  -0.042    -0.047     0.036    -0.0069    0         0         0         0       
   0         0         0         0         0         0         0        -2.4e-06  -2.4e-06  -2.4e-06   3.8e-05   6.8e-06   0.037     0.0059   -0.054    -0.018     0         0         0         0       
   0         0         0         0         0         0        -7.9e-05   7e-05     7e-05     7e-05    -2.3e-05   7.6e-05   0         0         0         0        -0.00095   0.0051    0.0048    0.004   
   0         0         0         0         0         0        -2.5e-06  -9.1e-06  -9.1e-06  -9.1e-06  -6.9e-05  -9.8e-06   0         0         0         0         0.044     0.047    -0.038     0.006   
   0         0         0         0         0         0         0         1.3e-05   1.3e-05   1.3e-05   7.6e-05   1.4e-05   0         0         0         0         0.037     0.006    -0.054    -0.018   
   0         0         0         0         0         0         0         0         0         0         0         0         1         0         0         0        -1         0         0         0       
   0         0         1         0.025    -2.3e-17  -0.025     0         0         0         0         0         0         0         0         0         0         0         0         0         0       
   0         1         0         0.024    -0.018    -0.0064    0         0         0         0         0         0         0         0         0         0         0         0         0         0       
  -1         0         0        -0.0064    0.031    -0.024     0         0         0         0         0         0         0         0         0         0         0         0         0         0       
   0         0         0        -5.6e-17   1        -9.5e-16   0         0         0         0         0         0         0         0         0         0         0         0         0         0       
   0         0         1         0.025     2.5e-17   0.025     0         0         0         0         0         0         0         0         0         0         0         0         0         0       
   0         1         0         0.024     0.031    -0.0064    0         0         0         0         0         0         0         0         0         0         0         0         0         0       
  -1         0         0        -0.0064    0.018    -0.024     0         0         0         0         0         0         0         0         0         0         0         0         0         0       
   0         0         0        -5.6e-17   1        -9.5e-16   0         0         0         0         0         0         0         0         0         0         0         0         0         0       
   0         0         1        -0.025    -2.5e-17  -0.025     0         0         0         0         0         0         0         0         0         0         0         0         0         0       
   0         1         0         0.024    -0.031    -0.0064    0         0         0         0         0         0         0         0         0         0         0         0         0         0       
  -1         0         0        -0.0064   -0.018    -0.024     0         0         0         0         0         0         0         0         0         0         0         0         0         0       
   0         0         0        -5.6e-17   1        -9.5e-16   0         0         0         0         0         0         0         0         0         0         0         0         0         0       
   0         0         1        -0.025     2.3e-17   0.025     0         0         0         0         0         0         0         0         0         0         0         0         0         0       
   0         1         0         0.024     0.018    -0.0064    0         0         0         0         0         0         0         0         0         0         0         0         0         0       
  -1         0         0        -0.0064   -0.031    -0.024     0         0         0         0         0         0         0         0         0         0         0         0         0         0       
   0         0         0        -5.6e-17   1        -9.5e-16   0         0         0         0         0         0         0         0         0         0         0         0         0         0       
   0         0         0         0         0         0         0         0         0         0         0         0         0         0         0         0         0         0         0         0       
   0         0         0         0         0         0         0         0         0         0         0         0         0         0         0         0         0         0         0         0       
   0         0         0         0         0         0         0         0         0         0         0         0         0         0         0         0         0         0         0         0       

IEFC_J
   0         0         1         0.025    -2.3e-17  -0.025   ......... ......... ......... ......... ......... ......... ......... ......... ......... ......... ......... ......... ......... ......... 
   0         1         0         0.024    -0.018    -0.0064  ......... ......... ......... ......... ......... ......... ......... ......... ......... ......... ......... ......... ......... ......... 
  -1         0         0        -0.0064    0.031    -0.024   ......... ......... ......... ......... ......... ......... ......... ......... ......... ......... ......... ......... ......... ......... 
   0         0         0        -5.6e-17   1        -9.5e-16 ......... ......... ......... ......... ......... ......... ......... ......... ......... ......... ......... ......... ......... ......... 
   0         0         1         0.025     2.5e-17   0.025   ......... ......... ......... ......... ......... ......... ......... ......... ......... ......... ......... ......... ......... ......... 
   0         1         0         0.024     0.031    -0.0064  ......... ......... ......... ......... ......... ......... ......... ......... ......... ......... ......... ......... ......... ......... 
  -1         0         0        -0.0064    0.018    -0.024   ......... ......... ......... ......... ......... ......... ......... ......... ......... ......... ......... ......... ......... ......... 
   0         0         0        -5.6e-17   1        -9.5e-16 ......... ......... ......... ......... ......... ......... ......... ......... ......... ......... ......... ......... ......... ......... 
   0         0         1        -0.025    -2.5e-17  -0.025   ......... ......... ......... ......... ......... ......... ......... ......... ......... ......... ......... ......... ......... ......... 
   0         1         0         0.024    -0.031    -0.0064  ......... ......... ......... ......... ......... ......... ......... ......... ......... ......... ......... ......... ......... ......... 
  -1         0         0        -0.0064   -0.018    -0.024   ......... ......... ......... ......... ......... ......... ......... ......... ......... ......... ......... ......... ......... ......... 
   0         0         0        -5.6e-17   1        -9.5e-16 ......... ......... ......... ......... ......... ......... ......... ......... ......... ......... ......... ......... ......... ......... 
   0         0         1        -0.025     2.3e-17   0.025   ......... ......... ......... ......... ......... ......... ......... ......... ......... ......... ......... ......... ......... ......... 
   0         1         0         0.024     0.018    -0.0064  ......... ......... ......... ......... ......... ......... ......... ......... ......... ......... ......... ......... ......... ......... 
  -1         0         0        -0.0064   -0.031    -0.024   ......... ......... ......... ......... ......... ......... ......... ......... ......... ......... ......... ......... ......... ......... 
   0         0         0        -5.6e-17   1        -9.5e-16 ......... ......... ......... ......... ......... ......... ......... ......... ......... ......... ......... ......... ......... ......... 
 ......... ......... ......... ......... ......... .........  -3.8e-05  -1.3e-05  -1.3e-05  -1.3e-05  -5e-06     3.8e-05  -0.012    -0.0072    0.014     0.0023    0         0         0         0       
 ......... ......... ......... ......... ......... .........   7.3e-06   1.7e-06   1.7e-06   1.7e-06   1.4e-05  -4.9e-06  -0.042    -0.047     0.036    -0.0069    0         0         0         0       
 ......... ......... ......... ......... ......... .........   0        -2.4e-06  -2.4e-06  -2.4e-06   3.8e-05   6.8e-06   0.037     0.0059   -0.054    -0.018     0         0         0         0       
 ......... ......... ......... ......... ......... .........  -7.9e-05   7e-05     7e-05     7e-05    -2.3e-05   7.6e-05   0         0         0         0        -0.00095   0.0051    0.0048    0.004   
 ......... ......... ......... ......... ......... .........  -2.5e-06  -9.1e-06  -9.1e-06  -9.1e-06  -6.9e-05  -9.8e-06   0         0         0         0         0.044     0.047    -0.038     0.006   
 ......... ......... ......... ......... ......... .........   0         1.3e-05   1.3e-05   1.3e-05   7.6e-05   1.4e-05   0         0         0         0         0.037     0.006    -0.054    -0.018   
 ......... ......... ......... ......... ......... .........   0         0         0         0         0         0         1         0         0         0        -1         0         0         0       
 ......... ......... ......... ......... ......... .........   0         0         0         0         0         0         0         0         0         0         0         0         0         0       
 ......... ......... ......... ......... ......... .........   0         0         0         0         0         0         0         0         0         0         0         0         0         0       
 ......... ......... ......... ......... ......... .........   0         0         0         0         0         0         0         0         0         0         0         0         0         0       

EFC_POS
   7.3e-06 
   3.8e-05 
  -1.3e-05 
  -2.5e-06 
   7.9e-05 
   7e-05   
  -0.00091 
  -3.3e-05 
   0       
   0       
   0       
  -3.3e-05 
   0       
   0       
   0       
  -3.3e-05 
   0       
   0       
   0       
  -3.3e-05 
   0       
   0       
   0       
  -0.047   
   0       
   0       

EFC_MARGIN
   0       
   0       
   0       
   0       
   0       
   0       
   0       
   0       
   0       
   0       
   0       
   0       
   0       
   0       
   0       
   0       
   0       
   0       
   0       
   0       
   0       
   0       
   0       
   0       
   0       
   0       

EFC_FRICTIONLOSS
   0       
   0       
   0       
   0       
   0       
   0       
   0       
   0       
   0       
   0       
   0       
   0       
   0       
   0       
   0       
   0       
   0       
   0       
   0       
   0       
   0       
   0       
   0       
   0       
   0       
   0       

EFC_DIAGAPPROX
   2.1     
   2.1     
   2.1     
   2.2     
   2.2     
   2.2     
   4e+02   
   5       
   0.5     
   0.5     
   1.1e+02 
   5       
   0.5     
   0.5     
   1.1e+02 
   5       
   0.5     
   0.5     
   1.1e+02 
   5       
   0.5     
   0.5     
   1.1e+02 
   1.9e-14 
   1.9e-15 
   1.9e-15 

EFC_KBIP
   4.1e+04   4e+02     0.95      6.6     
   4.1e+04   4e+02     0.95      6.6     
   4.1e+04   4e+02     0.95      6.6     
   4.1e+04   4e+02     0.95      17      
   4.1e+04   4e+02     0.95      17      
   4.1e+04   4e+02     0.95      17      
   4.1e+04   4e+02     0.99     -15      
   9.2e+03   1.9e+02   0.9      -6.6     
   0         1.9e+02   0.9      -6.6     
   0         1.9e+02   0.9      -6.6     
   0         1.9e+02   0.9      -6.6     
   9.2e+03   1.9e+02   0.9      -6.6     
   0         1.9e+02   0.9      -6.6     
   0         1.9e+02   0.9      -6.6     
   0         1.9e+02   0.9      -6.6     
   9.2e+03   1.9e+02   0.9      -6.6     
   0         1.9e+02   0.9      -6.6     
   0         1.9e+02   0.9      -6.6     
   0         1.9e+02   0.9      -6.6     
   9.2e+03   1.9e+02   0.9      -6.6     
   0         1.9e+02   0.9      -6.6     
   0         1.9e+02   0.9      -6.6     
   0         1.9e+02   0.9      -6.6     
   6.9e+04   5.3e+02   0.95      0       
   0         5.3e+02   0.95      0       
   0         5.3e+02   0.95      0       

EFC_D
   9       
   9       
   9       
   8.8     
   8.8     
   8.8     
   0.23    
   1.8     
   18      
   18      
   0.08    
   1.8     
   18      
   18      
   0.08    
   1.8     
   18      
   18      
   0.08    
   1.8     
   18      
   18      
   0.08    
   1e+15   
   1e+16   
   1e+16   

EFC_R
   0.11    
   0.11    
   0.11    
   0.11    
   0.11    
   0.11    
   4.3     
   0.55    
   0.055   
   0.055   
   12      
   0.55    
   0.055   
   0.055   
   12      
   0.55    
   0.055   
   0.055   
   12      
   0.55    
   0.055   
   0.055   
   12      
   1e-15   
   1e-16   
   1e-16   

TEN_VELOCITY
  -0.0093  

ACTUATOR_VELOCITY
  -2.6e-07 
  -3.2e-05 
  -2.2e-05 
  -2.3e-05 
  -2.3e-05 
   3.1e-07 
  -0.0093  

CVEL
   0         0         0         0         0         0       
   0         0         0         0         0         0       
   0         0         0         0         0         0       
  -4.1e-14   1.1e-14  -1.2e-16   2.7e-16   1e-15     5.6e-16 
   0         0         0         0         0         0       
   0         0        -2.6e-07   1.7e-08  -2.1e-08   0       
  -4.1e-06  -3.2e-05  -2.6e-07  -3.6e-06   4.5e-07   2.3e-06 
  -7e-06    -5.4e-05  -2.6e-07   3.2e-06  -4.3e-07   4.5e-06 
  -1e-05    -7.7e-05  -2.6e-07   5.5e-06  -7.3e-07  -8.6e-07 
  -3.3e-05  -7.4e-05  -4.4e-06   5e-06    -2e-06     4.8e-07 
  -3.3e-05  -7.4e-05  -4.7e-06   5e-06    -1.9e-06   4.7e-07 
  -3.3e-05  -7.4e-05  -4.7e-06   5e-06    -1.9e-06   4.7e-07 
  -3.3e-05  -7.4e-05  -4.7e-06   5e-06    -1.9e-06   4.7e-07 
   0.034    -0.0045    0.0062   -0.00029  -0.0036   -0.00096 
   0.14     -0.018     0.025    -0.0017   -0.014    -0.00057 
   0.053    -0.0069    0.0095   -0.00032  -0.0059   -0.0024  
  -0.011     0.0014   -0.0021    0.00087   0.0041   -0.0019  
  -0.011     0.0014   -0.0021    0.00087   0.0041   -0.0019  
  -0.011     0.0014   -0.0021    0.00087   0.0041   -0.0019  
   0.052    -0.0069    0.0095    0.00013  -0.0056   -0.0047  
   0.06     -0.0079    0.011     0.0002   -0.0064   -0.0057  
  -0.16      0.021    -0.029     0.00024   0.018     0.011   
  -0.078     0.01     -0.014     0.00019   0.005     0.0026  
  -0.078     0.01     -0.014     0.00019   0.005     0.0026  
  -0.078     0.01     -0.014     0.00019   0.005     0.0026  

CDOF_DOT
   0         0         0         0         0         0       
   0         0         0         0         0         0       
   0         0         0         0         0         0       
   0         0        -0         1.4e-16   5.4e-16  -1e-15   
   0        -0         0         1e-15    -2.7e-16  -5.3e-32 
   0         0         0         5.4e-16  -1.4e-16   8.8e-20 
   0         0         0         0         0         0       
   2.6e-07  -3.3e-08   0        -3.8e-09  -2.9e-08   2e-08   
   2.6e-07  -3.3e-08   0         9.8e-07  -4.6e-08  -1.4e-05 
   2.6e-07  -3.3e-08  -8.5e-22  -1.7e-05   2.2e-06  -2.2e-06 
  -1.4e-05   1.5e-06   7.6e-05   4.2e-06  -2.4e-06   8.1e-07 
   7.3e-05  -3.3e-05   1.4e-05   4.3e-06   4.8e-06  -1.2e-05 
  -1.4e-05   1.2e-06   7.6e-05   1.3e-06  -1.3e-06   3.9e-06 
  -1.4e-05   1.2e-06   7.6e-05  -0.00017  -0.0011    0.00014 
  -1.4e-05   1.2e-06   7.6e-05   2.5e-06  -1.9e-06   4.3e-06 
  -1.4e-05   1.2e-06   7.6e-05   0.00016  -0.002    -0.0023  
   1.4e-05  -1.2e-06  -7.6e-05  -5.7e-06   3.3e-06  -4.8e-06 
   1.4e-05  -1.2e-06  -7.6e-05  -0.00019  -0.0017   -0.00022 
   1.4e-05  -1.2e-06  -7.6e-05  -4.4e-06   2.7e-06  -4.7e-06 
   1.4e-05  -1.2e-06  -7.6e-05   0.002     0.0058   -0.007   

QFRC_BIAS
  -1.8e-46 
   7e-46   
   2       
   0       
   0       
   0       
  -9.8e-06 
  -15      
  -18      
  -2.7     
   0.00076 
   0.00014 
  -0.0062  
  -0.0004  
  -0.011   
  -0.00064 
  -0.0062  
  -0.00041 
  -0.011   
  -0.00063 

QFRC_SPRING
   0       
   0       
   0       
   0       
   0       
   0       
   0       
   0       
   0       
   0       
   0       
   0       
   0       
   0       
   0.13    
   0       
   0       
   0       
   0.13    
   0       

QFRC_DAMPER
   0       
   0       
   0       
   0       
   0       
   0       
   0       
   0       
   0       
   0       
   0       
   0       
  -0.0035  
   0       
  -6.8e-05 
   0       
   0.0054  
   0       
  -0.0002  
   0       

QFRC_GRAVCOMP
   0       
   0       
   0       
   0       
   0       
   0       
   0       
   0       
   0       
   0       
   0       
   0       
   0       
   0       
   0       
   0       
   0       
   0       
   0       
   0       

QFRC_FLUID
   0       
   0       
   0       
   0       
   0       
   0       
   0       
   0       
   0       
   0       
   0       
   0       
   0       
   0       
   0       
   0       
   0       
   0       
   0       
   0       

QFRC_PASSIVE
   0       
   0       
   0       
   0       
   0       
   0       
   0       
   0       
   0       
   0       
   0       
   0       
  -0.0035  
   0       
   0.13    
   0       
   0.0054  
   0       
   0.13    
   0       

EFC_VEL
  -0.00057 
  -0.0041  
   0.00018 
   0.00046 
  -0.0095  
  -0.0094  
   0.089   
  -4.9e-16 
  -1.2e-19 
  -2.5e-18 
  -1.2e-16 
  -4.9e-16 
  -5.7e-18 
  -9.9e-19 
  -1.2e-16 
   1.6e-15 
   1.4e-18 
   3.1e-18 
  -1.2e-16 
   1.6e-15 
  -4.3e-18 
   4.6e-18 
  -1.2e-16 
   0       
   0       
   0       

EFC_AREF
  -0.054   
   0.2     
   0.44    
  -0.088   
   0.79    
   1.1     
   0.65    
   0.27    
   2.4e-17 
   4.7e-16 
   2.2e-14 
   0.27    
   1.1e-15 
   1.9e-16 
   2.2e-14 
   0.27    
  -2.6e-16 
  -6e-16   
   2.2e-14 
   0.27    
   8.2e-16 
  -8.9e-16 
   2.2e-14 
   3.1e+03 
  -0       
  -0       

SUBTREE_LINVEL
   0         0         0       
   0         0         0       
   0         0         0       
   0         0         0       
   0         0         0       
   0         0         0       
   0         0         0       
   0         0         0       
   0         0         0       
   0         0         0       
   0         0         0       
   0         0         0       
   0         0         0       
   0         0         0       
   0         0         0       
   0         0         0       
   0         0         0       
   0         0         0       
   0         0         0       
   0         0         0       
   0         0         0       
   0         0         0       
   0         0         0       
   0         0         0       
   0         0         0       

SUBTREE_ANGMOM
   0         0         0       
   0         0         0       
   0         0         0       
   0         0         0       
   0         0         0       
   0         0         0       
   0         0         0       
   0         0         0       
   0         0         0       
   0         0         0       
   0         0         0       
   0         0         0       
   0         0         0       
   0         0         0       
   0         0         0       
   0         0         0       
   0         0         0       
   0         0         0       
   0         0         0       
   0         0         0       
   0         0         0       
   0         0         0       
   0         0         0       
   0         0         0       
   0         0         0       

ACTUATOR_FORCE
   0.00017 
  -15      
  -18      
  -2.7     
   0.0031  
   0.00014 
  -0.2     

QFRC_ACTUATOR
   0       
   0       
   0       
   0       
   0       
   0       
   0.00017 
  -15      
  -18      
  -2.7     
   0.0031  
   0.00014 
  -0.1     
   0       
   0       
   0       
  -0.1     
   0       
   0       
   0       

QFRC_SMOOTH
   1.8e-46 
  -7e-46   
  -2       
   0       
   0       
   0       
   0.00018 
   0.013   
   0.0087  
   0.0024  
   0.0023  
   4.9e-06 
  -0.098   
   0.0004  
   0.14    
   0.00064 
  -0.089   
   0.00041 
   0.14    
   0.00063 

QACC_SMOOTH
   8.8e-46 
  -3.5e-45 
  -9.8     
   0       
   0       
   0       
  -0.0016  
  -0.043   
  -0.06    
  -0.058   
   0.02    
   1.6e-05 
  -19      
   0.62    
   1.3e+02 
  -1.7     
  -18      
   0.61    
   1.3e+02 
  -1.7     

EFC_B
   2.1     
   5.2     
  -8       
   0.71    
  -6.5     
  -8.6     
  -2.4     
  -10      
  -2.4e-17 
  -4.7e-16 
  -2.2e-14 
  -10      
  -1.1e-15 
  -1.9e-16 
  -2.2e-14 
  -10      
   2.6e-16 
   6e-16   
  -2.2e-14 
  -10      
  -8.2e-16 
   8.9e-16 
  -2.2e-14 
  -3.1e+03 
   0       
   0       

EFC_FORCE
  -0.41    
   0.12    
   2.4     
  -0.4     
   0.22    
   2.4     
   0.012   
   0.49    
   8.5e-18 
  -4.2e-18 
   1.1e-18 
   0.49    
   2.1e-17 
  -7.4e-18 
   1.1e-18 
   0.49    
   5.3e-18 
  -1.6e-17 
   1.1e-18 
   0.49    
   1.7e-17 
  -2e-17   
   1.1e-18 
   3.1e+18 
  -0       
  -0       

EFC_STATE
  1
  1
  1
  1
  1
  1
  1
  1
  1
  1
  1
  1
  1
  1
  1
  1
  1
  1
  1
  1
  1
  1
  1
  1
  1
  1

QFRC_CONSTRAINT
   4.8e-17 
   5.2e-17 
   2       
   4e-18   
   5.7e-18 
  -1.4e-18 
   4.8e-05 
   9.3e-10 
   9.3e-10 
   9.3e-10 
   0.00027 
   6.9e-10 
   0.099   
   0.011   
  -0.13    
  -0.044   
   0.087   
   0.023   
  -0.14    
  -0.043   

QFRC_INVERSE
   0       
   0       
   0       
   0       
   0       
   0       
   0       
   0       
   0       
   0       
   0       
   0       
   0       
   0       
   0       
   0       
   0       
   0       
   0       
   0       

CACC
   0         0         0         0         0         0       
   0         0         0         0         0         0       
   0         0         0         0         0         0       
   0         0         0         0         0         0       
   0         0         0         0         0         0       
   0         0         0         0         0         0       
   0         0         0         0         0         0       
   0         0         0         0         0         0       
   0         0         0         0         0         0       
   0         0         0         0         0         0       
   0         0         0         0         0         0       
   0         0         0         0         0         0       
   0         0         0         0         0         0       
   0         0         0         0         0         0       
   0         0         0         0         0         0       
   0         0         0         0         0         0       
   0         0         0         0         0         0       
   0         0         0         0         0         0       
   0         0         0         0         0         0       
   0         0         0         0         0         0       
   0         0         0         0         0         0       
   0         0         0         0         0         0       
   0         0         0         0         0         0       
   0         0         0         0         0         0       
   0         0         0         0         0         0       

CFRC_INT
   0         0         0         0         0         0       
   0         0         0         0         0         0       
   0         0         0         0         0         0       
   0         0         0         0         0         0       
   0         0         0         0         0         0       
   0         0         0         0         0         0       
   0         0         0         0         0         0       
   0         0         0         0         0         0       
   0         0         0         0         0         0       
   0         0         0         0         0         0       
   0         0         0         0         0         0       
   0         0         0         0         0         0       
   0         0         0         0         0         0       
   0         0         0         0         0         0       
   0         0         0         0         0         0       
   0         0         0         0         0         0       
   0         0         0         0         0         0       
   0         0         0         0         0         0       
   0         0         0         0         0         0       
   0         0         0         0         0         0       
   0         0         0         0         0         0       
   0         0         0         0         0         0       
   0         0         0         0         0         0       
   0         0         0         0         0         0       
   0         0         0         0         0         0       

CFRC_EXT
   0         0         0         0         0         0       
   0         0         0         0         0         0       
   0         0         0         0         0         0       
   0         0         0         0         0         0       
   0         0         0         0         0         0       
   0         0         0         0         0         0       
   0         0         0         0         0         0       
   0         0         0         0         0         0       
   0         0         0         0         0         0       
   0         0         0         0         0         0       
   0         0         0         0         0         0       
   0         0         0         0         0         0       
   0         0         0         0         0         0       
   0         0         0         0         0         0       
   0         0         0         0         0         0       
   0         0         0         0         0         0       
   0         0         0         0         0         0       
   0         0         0         0         0         0       
   0         0         0         0         0         0       
   0         0         0         0         0         0       
   0         0         0         0         0         0       
   0         0         0         0         0         0       
   0         0         0         0         0         0       
   0         0         0         0         0         0       
   0         0         0         0         0         0       

TREE_ISLAND
  0 1

ISLAND_NTREE
  1 1

ISLAND_ITREEADR
  0 1

MAP_ITREE2TREE
  0 1

DOF_ISLAND            0 0 0 0 0 0 1 1 1 1 1 1 1 1 1 1 1 1 1 1

ISLAND_NV             6 14

ISLAND_IDOFADR        0 6

MAP_IDOF2DOF          0 1 2 3 4 5 | 6 7 8 9 10 11 12 13 14 15 16 17 18 19

EFC_ISLAND            1 1 1 1 1 1 1 0 0 0 0 0 0 0 0 0 0 0 0 0 0 0 0 1 1 1

ISLAND_NEFC           16 10

ISLAND_IEFCADR        0 16

MAP_IEFC2EFC          7 8 9 10 11 12 13 14 15 16 17 18 19 20 21 22 | 0 1 2 3 4 5 6 23 24 25

TENDON_EFCADR         -1

